a0,a1,a2,a3,a4,a5
54,162,106,136,119,89
54,162,103,134,120,93
54,162,103,133,120,99
54,162,102,133,119,103
54,161,102,133,119,111
54,161,105,132,122,119
53,161,110,133,121,127
53,162,114,132,119,127
54,161,114,132,115,121
54,161,112,132,116,120
54,161,112,133,117,118
54,162,112,134,119,111
54,162,110,134,119,101
54,162,108,135,122,102
54,162,109,136,126,103
54,161,115,136,131,101
54,161,111,137,121,93
54,161,105,136,115,90
54,161,103,135,117,96
54,161,102,133,119,101
53,162,103,132,120,107
54,162,104,131,122,115
54,161,108,132,123,124
54,161,113,133,121,127
54,160,116,133,116,124
54,160,113,133,114,120
54,160,111,133,116,118
54,160,111,133,118,115
54,161,111,133,120,106
54,161,109,134,120,101
54,161,108,135,124,104
54,162,110,134,130,105
54,162,116,138,128,97
54,161,108,137,116,88
54,162,103,136,116,93
54,162,102,135,118,99
54,162,102,134,119,104
54,161,103,133,120,111
54,161,105,131,120,116
54,161,109,131,121,124
53,161,115,131,119,127
54,161,116,131,117,122
54,161,113,132,115,119
54,161,111,133,118,118
53,162,111,133,121,114
54,162,110,134,119,102
54,162,107,134,120,99
54,162,108,135,126,105
53,162,114,136,131,105
53,162,112,136,124,95
54,162,106,136,117,90
54,162,103,136,117,96
54,162,103,136,117,101
54,162,102,135,118,106
54,162,104,134,119,112
54,163,104,133,123,122
54,163,110,133,121,128
54,163,115,132,117,125
54,162,114,131,113,119
54,162,111,131,114,118
54,162,111,132,119,116
54,162,112,133,121,108
54,162,110,134,121,100
54,162,108,135,124,103
54,162,109,135,127,105
53,162,115,136,129,99
54,162,109,137,119,92
54,162,105,136,116,92
54,162,102,135,118,97
54,162,102,134,118,101
54,162,101,133,120,109
54,162,104,133,123,116
54,161,109,132,124,124
54,162,115,131,120,125
54,162,115,131,114,122
54,162,112,131,112,120
54,162,112,132,117,119
54,162,111,133,119,113
54,162,110,133,120,103
53,162,108,134,122,100
54,162,108,135,126,105
54,163,112,135,130,106
54,162,114,138,125,96
54,162,107,137,117,91
54,162,103,136,116,96
54,162,102,135,116,99
54,162,102,134,119,104
54,161,103,134,121,111
54,161,106,133,122,118
54,162,111,133,119,127
54,161,116,130,116,127
54,161,113,131,115,120
54,161,111,131,117,119
54,162,111,132,121,117
54,162,111,133,122,110
54,162,109,134,120,101
53,162,107,135,122,103
54,162,109,136,127,106
54,162,116,137,128,103
53,162,112,137,120,93
54,162,106,137,116,91
54,163,104,135,118,97
54,163,103,134,118,101
54,162,103,134,118,107
54,162,105,133,120,114
54,162,106,132,123,123
54,162,112,132,122,127
53,162,113,131,117,123
54,162,112,131,114,119
54,162,111,131,117,119
54,162,111,133,119,115
54,162,111,133,120,106
54,162,109,135,121,99
54,162,108,135,124,104
53,162,110,137,128,106
54,163,114,137,126,98
54,162,108,136,118,92
54,162,104,136,117,94
54,162,103,135,117,99
54,162,103,134,118,104
54,162,103,133,121,111
54,162,105,133,123,118
54,162,110,133,124,126
54,163,114,133,117,125
54,163,115,132,114,119
54,163,110,132,114,116
54,163,110,132,118,117
54,164,112,132,120,114
54,164,111,133,119,103
54,164,108,134,121,101
54,164,108,135,126,104
55,164,114,135,131,103
54,164,113,136,123,96
53,163,107,137,118,91
54,164,104,136,117,96
54,163,102,135,117,101
54,164,102,135,118,107
53,163,104,133,121,113
54,163,107,133,122,121
54,164,112,132,122,127
54,164,114,131,117,124
54,163,113,131,114,119
54,163,111,131,115,117
54,163,111,131,118,114
54,163,111,133,121,107
54,163,109,134,121,101
54,163,108,135,124,104
54,163,110,137,128,105
54,164,116,138,126,99
54,163,111,137,119,92
53,163,105,136,118,94
54,163,103,135,117,98
54,163,102,133,115,102
54,163,102,132,117,109
54,163,105,131,121,116
54,163,109,131,125,125
54,163,113,131,122,126
54,164,114,132,118,121
54,163,112,133,114,117
54,163,111,133,116,117
54,163,111,134,118,113
54,163,111,134,120,104
54,163,108,135,122,101
54,163,108,135,124,104
54,164,112,137,129,106
55,163,114,137,125,98
54,163,108,136,118,91
54,164,104,135,117,95
54,164,103,134,118,99
54,164,102,134,119,105
54,163,104,133,122,112
54,163,106,133,122,119
54,163,111,132,120,127
54,164,115,134,119,125
54,163,114,133,114,119
54,163,111,133,113,118
54,163,111,133,114,116
54,163,111,133,118,111
54,163,110,133,123,101
54,163,108,134,127,103
54,163,108,134,127,105
53,163,115,135,129,101
54,163,111,137,118,92
54,163,106,136,115,91
54,163,103,135,117,97
54,163,102,135,118,101
55,163,102,134,119,110
54,163,105,134,121,116
54,163,107,133,122,121
54,163,113,131,122,124
54,163,115,131,117,122
54,163,113,131,114,119
54,163,111,132,117,117
53,163,110,132,119,113
54,163,110,133,119,105
54,163,108,134,120,100
54,163,107,134,124,106
54,164,113,135,131,108
53,164,116,136,127,99
54,163,109,137,117,90
53,162,103,136,116,93
54,163,101,136,118,98
54,163,102,134,119,104
53,163,103,134,120,111
54,163,105,133,121,116
54,163,109,131,121,123
54,162,114,132,118,126
53,163,115,131,115,122
54,163,112,132,115,119
54,163,111,132,117,117
54,163,111,133,119,111
53,163,110,134,120,101
54,163,107,134,122,102
54,163,109,134,126,106
54,164,115,135,131,103
54,164,113,137,123,94
54,163,106,136,117,90
54,163,103,136,117,96
54,163,102,135,117,100
54,163,102,134,118,106
54,163,104,133,120,113
54,163,106,132,123,123
54,164,112,131,120,127
54,162,115,131,116,124
54,163,113,131,113,119
54,163,111,131,117,117
54,163,110,133,120,115
54,163,110,134,120,107
54,163,108,135,120,101
54,163,108,136,123,105
54,163,111,137,129,109
54,164,116,137,127,99
54,163,109,137,119,90
54,163,104,136,117,93
54,164,102,135,117,97
54,163,101,134,117,102
54,163,103,133,119,110
54,164,105,132,121,117
54,163,109,132,124,126
54,163,114,132,121,127
55,164,114,132,116,121
54,163,112,132,113,119
54,164,111,133,117,118
54,163,111,133,119,114
54,164,111,134,118,103
54,164,108,135,121,101
55,164,108,135,127,105
54,164,114,135,132,105
55,164,114,137,124,96
54,164,107,136,116,89
54,164,103,135,116,95
54,164,102,134,117,100
55,164,103,134,118,106
55,164,104,134,121,112
55,163,105,133,123,120
54,164,111,132,121,127
54,164,114,133,119,125
55,164,112,132,115,120
55,164,111,132,116,119
55,164,111,132,117,116
55,164,111,133,116,109
55,164,109,133,118,102
55,164,108,133,123,105
55,164,110,135,129,108
56,163,117,135,128,100
58,164,111,136,119,91
58,164,104,136,116,90
58,164,103,135,118,96
58,164,102,134,120,101
58,164,103,134,121,110
59,164,106,134,120,116
58,164,108,133,121,123
58,165,112,133,119,127
58,164,115,132,115,121
59,164,112,131,114,119
58,164,111,132,118,119
59,164,112,132,120,115
58,164,112,134,121,105
58,164,108,135,121,101
59,164,108,136,124,106
59,164,112,135,131,107
59,163,115,137,125,96
59,165,108,136,117,90
59,164,104,135,117,94
59,164,102,134,117,99
58,164,102,133,119,104
58,164,103,133,120,111
58,164,105,133,121,118
58,164,110,132,120,126
59,164,114,131,117,125
59,164,115,131,115,121
59,164,112,131,116,120
59,164,111,132,118,117
59,164,111,133,119,111
59,164,110,134,119,100
59,164,107,135,121,101
59,164,109,136,127,107
59,164,116,136,130,103
58,164,112,137,120,94
59,165,106,136,117,91
59,165,104,135,122,97
59,165,103,135,120,101
59,164,102,134,117,106
59,164,104,133,118,112
59,165,107,132,121,121
58,164,112,130,121,125
58,165,113,132,117,124
59,164,113,131,114,121
59,165,112,132,116,119
59,165,111,133,120,115
59,165,111,134,120,106
59,165,109,134,121,99
59,165,108,135,124,105
59,165,111,136,128,105
57,164,116,137,126,98
59,165,109,137,117,90
59,165,104,136,117,92
59,165,103,135,119,98
59,165,103,134,119,103
59,165,103,133,121,110
59,165,105,133,121,116
59,165,109,133,121,124
59,164,115,131,118,128
59,164,115,132,115,124
59,165,113,132,114,120
59,165,111,132,117,116
59,165,110,133,119,109
59,165,111,134,120,101
59,165,110,135,122,103
59,165,110,136,127,107
60,165,114,137,131,105
59,164,113,137,124,95
59,165,107,136,117,90
59,165,103,135,117,93
59,164,102,134,117,98
59,165,102,134,119,105
59,165,105,134,119,113
59,165,105,133,121,122
59,165,111,131,123,127
59,164,115,132,119,125
59,164,114,131,115,121
59,164,112,131,118,120
59,164,112,132,120,117
59,165,111,133,120,108
59,165,108,134,117,99
59,165,108,135,122,103
59,164,111,135,127,106
59,165,117,137,129,99
59,165,110,138,119,91
59,165,104,136,116,89
59,165,102,135,118,95
59,165,102,134,117,102
59,165,103,133,120,110
59,165,106,133,122,117
59,165,109,132,124,126
60,165,114,131,121,127
59,165,114,131,116,122
59,165,112,131,114,119
59,165,112,132,118,119
59,165,112,133,119,115
60,165,111,134,118,104
60,165,108,135,119,98
61,165,106,135,125,101
60,164,112,136,130,106
61,165,116,135,126,98
61,165,109,136,118,90
61,165,103,136,118,94
61,165,103,134,119,99
62,165,102,134,119,105
62,165,104,134,119,112
62,165,105,133,121,118
61,165,109,132,123,126
62,165,115,130,119,126
63,165,113,131,115,120
63,165,111,131,114,119
63,165,111,132,119,117
63,165,111,132,121,111
63,165,111,133,120,101
63,165,108,134,122,102
63,165,110,135,125,107
62,166,116,136,128,102
64,165,112,138,120,91
64,165,105,137,118,89
64,165,104,137,120,95
65,165,102,135,119,99
65,165,101,134,119,107
65,165,105,133,121,115
64,165,108,132,124,123
65,165,112,132,121,129
65,165,113,130,117,123
65,165,110,129,114,120
68,165,112,130,115,121
68,165,114,131,116,116
69,165,113,134,119,104
69,165,109,136,121,97
68,165,108,137,126,105
68,164,112,137,131,108
68,165,115,137,127,98
69,165,108,137,117,90
68,165,104,135,116,92
69,165,103,134,117,97
68,165,102,133,117,102
68,165,102,133,121,111
68,165,106,133,121,118
68,165,109,131,118,125
69,165,114,130,118,128
69,165,115,130,118,122
69,165,112,130,117,121
70,165,111,131,118,118
70,165,112,133,119,112
70,165,111,135,120,102
71,165,109,136,121,101
70,165,109,136,125,103
70,164,114,137,128,102
70,165,113,138,122,93
71,165,106,136,117,89
71,165,103,135,120,95
71,164,103,134,121,101
71,165,102,134,122,108
71,165,104,134,121,114
71,165,106,133,120,121
71,165,112,132,116,127
71,165,115,132,116,124
71,165,113,131,114,120
71,165,111,131,117,120
71,165,112,132,120,118
71,165,112,134,120,109
71,165,110,135,118,99
71,165,108,135,121,103
71,165,110,135,127,106
71,165,116,137,127,97
71,165,110,137,120,89
71,165,104,136,118,92
71,165,103,136,119,98
71,165,102,135,119,103
71,165,102,134,120,109
71,165,103,134,121,115
71,165,107,132,122,125
70,166,113,131,118,128
70,165,115,131,115,123
69,165,113,131,114,120
69,165,111,132,115,117
69,165,111,133,118,113
69,165,111,134,121,103
69,165,109,135,123,102
69,165,108,136,126,106
68,164,113,137,130,105
69,166,113,137,124,94
69,165,107,136,117,88
69,165,103,135,117,94
69,165,103,134,117,99
68,165,102,133,117,103
69,165,102,134,119,112
69,165,105,132,123,121
68,165,111,133,125,127
68,165,115,131,121,126
68,165,114,132,114,122
69,165,112,132,113,121
68,165,111,133,116,118
68,164,111,134,119,111
68,165,110,134,120,100
68,165,108,135,125,102
69,165,110,136,129,104
69,164,116,136,128,100
67,165,110,136,120,91
68,165,105,135,116,90
68,165,103,134,117,96
69,165,102,134,118,100
68,165,102,134,119,108
68,165,105,133,121,116
69,165,108,133,124,126
69,166,113,133,120,129
69,166,114,132,116,122
68,165,111,132,114,119
68,165,111,132,117,119
68,165,112,132,118,116
68,165,111,133,119,105
68,165,108,133,121,100
68,165,109,135,126,105
69,165,112,137,131,106
68,165,115,138,123,97
69,165,108,137,115,89
69,165,103,136,118,94
69,165,101,135,120,98
69,165,101,133,119,101
69,165,103,132,120,111
69,165,107,132,122,120
69,165,111,131,121,128
69,165,114,132,119,125
70,165,113,132,115,121
69,165,112,132,115,121
69,165,111,133,117,118
69,165,111,134,118,113
69,165,110,134,119,102
69,165,108,135,122,101
69,165,109,135,126,104
70,166,116,136,128,101
69,165,113,137,121,92
69,165,106,136,117,91
70,165,104,135,119,97
69,165,102,135,120,100
69,164,101,134,120,106
70,165,104,133,119,112
69,165,104,132,120,121
70,165,110,131,119,129
69,165,116,129,117,125
69,165,115,130,115,121
70,165,112,131,119,120
69,165,111,133,120,117
69,165,111,134,118,107
70,165,109,136,118,99
70,165,108,137,124,103
69,164,111,136,129,104
69,165,116,138,128,98
70,165,108,137,117,90
69,165,103,136,115,92
69,165,102,133,115,97
70,165,102,132,117,102
69,165,103,131,122,110
69,164,106,131,124,116
70,165,109,131,125,126
70,165,114,133,120,128
70,164,114,133,117,122
69,164,111,133,114,120
70,164,111,134,115,118
70,165,111,134,118,114
70,164,111,134,119,104
70,164,109,135,123,102
69,164,109,135,127,106
68,164,113,135,130,103
70,164,113,137,122,94
70,164,107,136,116,88
69,165,103,135,117,94
69,165,103,134,118,100
69,164,102,134,119,106
70,164,104,133,120,113
69,164,106,133,124,120
69,164,111,132,123,126
70,165,114,130,119,125
69,164,113,132,115,121
70,164,112,132,116,120
69,164,111,132,117,116
69,164,111,134,116,110
69,164,110,134,118,100
70,164,108,135,124,103
69,164,110,135,130,106
69,165,116,137,127,100
69,165,110,136,118,91
69,165,105,136,117,91
69,164,103,135,118,97
69,164,102,134,119,102
69,164,103,133,121,109
69,165,105,134,122,116
69,165,108,132,122,125
68,164,112,133,118,127
69,165,115,131,115,122
69,165,113,132,114,120
69,165,112,132,118,118
69,165,110,133,119,112
69,165,110,134,119,104
69,165,108,134,121,102
69,165,109,135,125,107
69,166,112,135,130,107
70,165,115,137,125,96
69,165,108,137,117,90
69,165,104,136,118,94
69,165,103,135,119,97
69,165,102,133,119,103
69,165,103,133,122,112
69,165,106,133,122,119
69,165,110,133,121,127
69,164,114,131,117,126
69,165,113,131,116,120
69,165,112,131,117,121
69,165,112,132,117,119
69,165,113,133,117,111
69,165,110,135,119,99
69,165,107,135,122,100
69,165,109,135,126,104
68,166,116,135,133,101
69,165,112,137,124,93
69,165,106,136,119,91
69,166,104,135,116,95
69,165,103,135,115,98
69,165,102,134,118,107
69,165,104,134,122,116
69,165,107,133,122,123
69,165,112,133,122,126
69,165,114,132,118,124
69,165,113,131,114,119
69,165,111,131,117,118
69,165,112,132,118,115
69,165,112,133,119,106
69,165,109,135,120,100
69,165,108,136,124,105
69,165,112,137,128,107
69,165,116,137,127,98
69,165,109,137,119,91
69,165,104,135,118,93
70,165,103,134,118,97
70,165,102,133,118,102
69,165,102,132,119,109
69,165,105,132,120,117
69,165,109,132,122,125
70,164,115,131,119,128
70,164,115,132,116,123
70,165,113,133,116,120
69,165,111,133,118,117
69,165,110,134,118,111
69,165,110,135,117,102
69,165,108,135,120,100
69,165,108,135,126,105
69,164,115,135,130,105
69,165,113,136,123,96
70,165,107,135,117,91
70,164,103,135,117,95
69,164,102,134,118,99
69,165,103,133,119,105
69,165,104,133,121,111
69,164,106,133,123,118
70,165,112,133,121,127
70,165,115,132,118,128
69,165,115,131,115,122
69,165,111,132,115,119
69,165,111,133,117,116
69,165,112,134,118,109
69,165,109,135,119,100
69,165,108,136,123,103
70,165,110,136,129,104
69,165,115,137,128,99
69,164,110,137,119,91
70,165,105,135,116,92
70,164,103,134,118,97
70,164,102,133,118,101
69,164,103,133,118,108
70,164,104,132,121,115
69,164,108,132,124,124
69,165,113,131,122,127
70,164,115,131,116,122
69,164,113,132,113,119
69,165,111,133,116,118
70,165,112,134,119,114
69,165,112,134,120,105
69,165,109,135,122,101
69,165,109,135,126,105
69,165,112,137,132,104
69,164,113,136,124,94
69,164,106,136,117,90
69,164,102,135,117,95
69,165,102,134,116,99
69,165,103,134,118,104
69,165,104,133,120,111
69,164,106,133,123,119
68,165,110,133,124,127
69,164,114,132,116,125
69,164,114,131,113,121
69,165,112,131,115,120
69,164,112,132,118,118
68,165,112,133,119,109
68,164,109,135,118,100
68,164,107,136,121,102
68,165,110,135,127,106
68,164,115,136,132,101
68,164,111,137,122,92
69,164,105,135,116,90
68,165,103,134,117,96
68,164,102,133,118,99
68,164,102,132,120,107
68,164,105,133,121,115
69,164,107,133,122,123
69,164,112,133,121,127
68,164,114,133,117,123
68,164,114,133,114,120
68,164,112,133,117,119
68,164,111,133,119,116
68,164,111,133,119,107
68,164,109,134,120,101
68,164,108,135,124,105
69,164,112,135,128,106
68,165,115,137,127,97
69,164,109,137,118,89
68,164,104,136,117,93
69,164,102,135,117,98
69,164,102,134,118,102
69,164,102,133,120,110
68,164,105,133,122,117
69,164,109,132,122,125
70,164,113,132,118,128
68,164,114,131,116,122
69,164,113,132,115,119
68,164,111,133,116,119
68,164,110,133,118,113
68,164,110,134,120,102
68,164,109,134,122,101
69,164,110,135,127,104
68,165,116,136,132,102
68,164,114,138,121,90
68,164,103,137,111,92
69,164,100,135,115,99
69,164,103,134,122,97
69,164,105,134,122,105
69,164,101,134,118,117
69,164,102,131,123,124
68,165,112,129,122,125
69,164,116,128,118,122
69,164,114,129,117,119
69,164,111,130,119,120
69,164,111,131,119,118
69,164,113,134,118,109
69,164,110,136,118,102
69,164,108,138,120,105
69,164,109,138,126,107
68,164,114,138,125,96
69,164,109,136,120,89
69,164,104,135,118,92
68,164,103,134,119,98
69,164,102,133,120,102
68,165,101,132,121,109
69,164,103,132,122,117
69,164,108,132,123,126
68,163,113,133,121,127
69,164,114,133,115,122
69,164,112,133,114,121
69,164,112,133,118,119
69,164,112,134,119,116
69,164,112,135,121,103
69,164,109,135,120,98
69,164,108,135,121,107
69,164,111,136,126,106
68,165,113,134,120,92
68,164,106,134,118,87
69,164,103,133,122,93
70,165,103,133,121,100
69,164,103,134,117,109
69,165,104,134,119,114
69,165,105,134,123,121
69,165,110,135,125,129
69,164,115,133,118,122
68,164,112,133,111,121
69,165,109,131,112,119
68,165,112,131,119,115
68,165,115,132,124,111
68,164,112,135,125,102
69,164,108,137,125,105
68,165,109,137,126,106
70,165,113,137,124,97
69,164,109,136,117,90
69,164,106,135,116,91
69,165,104,134,117,97
69,164,103,134,116,100
69,165,102,133,118,107
68,164,104,133,123,113
69,165,106,133,125,122
70,164,112,131,122,126
70,165,113,131,119,123
70,165,113,132,117,121
70,165,113,133,117,120
70,165,114,134,111,116
70,165,112,135,113,106
70,165,110,135,122,103
70,165,109,134,130,106
70,164,112,134,133,103
70,165,114,136,125,92
70,165,107,136,118,88
71,165,102,135,121,96
70,165,101,133,120,100
71,165,102,132,121,102
71,165,102,132,123,107
71,165,109,134,123,115
71,165,110,135,114,132
71,166,108,134,110,132
71,165,113,132,112,121
71,165,114,131,116,117
70,165,115,131,121,114
71,165,115,134,126,112
71,165,110,135,118,109
72,165,103,135,119,108
71,165,108,134,127,102
71,166,119,135,131,98
71,165,114,136,121,90
71,165,108,137,114,88
71,165,103,137,112,95
71,165,100,135,117,100
71,165,101,134,125,106
71,165,103,133,129,113
72,165,105,133,127,121
72,165,110,133,119,128
72,165,114,132,112,127
72,165,114,132,111,122
73,165,112,132,119,119
73,164,113,132,122,115
73,165,114,133,122,107
72,164,111,132,117,100
73,164,109,132,115,105
73,165,113,132,123,109
73,164,117,136,126,100
73,164,108,137,121,89
73,165,101,138,120,91
73,165,100,137,117,94
73,165,100,135,115,98
73,165,101,133,119,109
73,165,105,133,124,118
73,165,110,132,129,126
74,164,114,131,124,129
73,165,115,131,115,123
74,165,114,132,111,122
74,165,115,133,114,119
74,165,115,134,117,112
74,165,111,135,116,103
73,165,108,136,121,100
74,165,110,136,130,104
73,165,111,136,134,101
73,165,110,137,122,94
74,165,104,135,114,89
73,165,101,135,118,94
73,165,99,134,120,98
74,165,101,134,120,105
74,164,105,134,120,114
74,165,108,133,122,123
73,164,112,133,120,129
74,165,114,131,117,127
74,165,114,130,116,121
74,165,112,129,118,119
74,165,113,130,118,116
74,165,114,131,119,109
74,165,113,134,119,101
74,165,111,136,122,104
73,165,112,138,129,105
74,165,114,140,128,98
73,165,107,139,119,91
74,164,101,138,117,91
74,165,101,136,116,95
74,165,101,134,116,99
74,165,101,132,120,108
73,164,104,132,121,116
74,165,107,132,122,125
74,165,112,132,120,127
73,165,113,133,116,124
73,165,112,134,115,122
73,165,115,134,118,120
73,165,117,134,121,116
73,165,116,134,120,105
73,165,112,134,121,100
73,165,110,134,126,104
73,165,110,132,129,103
72,165,109,134,122,94
73,165,103,134,115,88
72,165,102,135,117,93
72,165,102,134,117,97
72,165,101,135,117,100
72,165,102,134,120,108
72,165,105,133,124,120
72,165,110,132,125,128
73,164,114,131,122,129
72,165,115,133,116,122
72,165,115,132,115,121
72,165,116,133,119,120
72,165,117,135,119,112
72,165,114,136,117,100
72,165,111,137,112,103
72,165,111,137,122,107
72,165,113,138,133,101
73,165,106,136,127,88
72,165,99,134,122,87
72,164,97,132,122,93
72,165,99,130,122,98
72,165,102,130,119,107
72,165,105,132,119,113
72,165,105,133,122,124
72,164,108,135,117,134
71,165,112,134,113,126
72,165,115,133,111,121
72,164,118,132,114,119
72,165,119,132,119,116
72,165,118,133,120,106
72,165,114,134,121,101
72,164,111,134,127,106
72,164,111,136,134,104
72,165,112,138,125,94
72,164,101,138,111,90
72,165,98,136,114,91
73,165,101,135,119,95
73,165,101,133,120,99
72,165,102,132,122,109
72,165,105,132,122,118
72,164,106,132,122,132
72,165,111,134,120,133
73,164,114,134,116,124
73,165,115,135,117,122
73,165,116,135,122,117
73,165,117,136,120,110
73,165,114,135,116,100
73,165,112,134,117,100
72,165,112,134,123,107
73,166,113,133,126,102
73,165,108,134,122,92
73,165,102,134,121,88
73,165,99,134,121,97
73,164,100,134,119,100
73,165,100,135,120,104
73,165,101,134,119,112
73,165,105,134,120,123
73,166,110,133,120,128
72,165,113,132,117,125
72,165,115,131,116,124
72,165,117,131,118,122
72,165,117,133,118,118
72,165,115,134,119,108
72,165,112,135,120,98
72,165,110,136,124,104
72,165,110,136,128,102
72,165,113,137,130,98
72,164,105,137,117,89
72,165,100,135,115,89
72,165,99,133,117,94
72,165,101,132,116,102
72,165,101,132,118,113
72,165,105,132,122,119
72,165,108,131,124,124
71,164,112,131,126,128
71,165,114,132,120,125
71,165,113,132,109,123
71,165,113,134,112,122
71,165,114,135,118,116
71,165,115,136,123,103
71,165,112,136,127,97
71,165,111,136,130,102
72,165,113,135,132,102
71,166,111,137,125,92
71,165,105,137,113,89
71,165,99,135,110,94
71,165,100,133,116,98
72,165,101,131,120,105
71,165,104,131,120,112
72,165,106,131,121,120
72,165,109,131,120,129
72,165,112,131,118,127
72,165,115,132,113,125
72,165,116,133,111,124
72,164,115,134,117,121
71,165,113,135,122,109
72,165,110,135,123,97
72,165,110,136,128,103
72,165,112,136,132,108
71,165,116,138,129,100
72,165,109,139,114,88
72,165,102,137,112,88
72,165,101,135,121,94
72,165,102,133,120,99
72,165,102,132,116,106
72,165,104,130,114,112
72,165,107,130,117,126
71,165,113,129,121,132
72,165,115,129,120,127
72,165,114,131,118,122
72,165,112,132,119,122
72,165,113,134,123,119
72,165,116,136,123,106
72,165,115,138,122,102
72,165,113,139,120,106
72,164,109,138,122,103
72,165,109,137,124,90
72,165,105,136,118,86
72,165,101,136,118,90
73,165,98,137,120,90
74,165,101,137,120,99
74,165,99,133,117,112
73,165,102,128,121,119
73,165,111,124,124,131
74,165,118,123,121,133
74,165,118,125,115,127
73,165,114,129,115,125
73,165,115,134,117,120
74,165,112,138,117,108
74,165,109,139,115,96
76,165,109,139,121,100
77,166,114,138,130,109
78,165,124,137,133,108
77,167,118,138,123,95
78,166,108,135,116,90
78,166,88,130,117,104
78,166,90,126,121,105
78,166,105,129,121,98
78,166,97,134,119,98
78,166,83,138,116,107
78,167,94,138,114,108
79,167,110,134,118,113
79,167,117,133,110,120
80,167,117,129,109,116
83,167,125,124,119,127
83,167,138,121,135,144
84,168,126,123,134,133
86,168,113,130,122,119
87,168,101,136,117,115
86,167,101,137,119,93
87,168,104,140,118,58
88,167,121,142,119,58
92,168,134,142,126,72
95,169,80,139,122,72
95,168,48,133,120,100
97,169,105,130,121,151
101,169,147,128,117,157
101,169,152,130,123,143
103,170,129,134,117,162
105,170,109,138,121,153
105,169,81,140,126,102
106,170,68,137,121,53
106,171,89,134,111,90
109,172,104,134,99,113
108,172,85,132,105,117
110,173,101,128,116,102
110,174,149,124,127,82
111,173,142,123,137,85
112,174,127,129,145,97
117,175,114,141,124,96
117,175,108,147,99,101
117,177,97,140,115,103
118,178,75,129,126,105
119,179,82,122,122,134
120,178,88,118,114,128
122,179,118,112,103,101
124,180,150,114,110,110
124,179,157,126,119,117
125,180,132,135,127,99
126,181,114,141,135,108
127,181,113,148,138,117
128,183,94,153,126,146
130,185,99,156,126,173
131,185,96,155,115,127
131,185,79,149,115,62
135,186,100,144,124,50
136,188,94,135,117,81
136,188,114,127,113,120
137,188,121,121,111,115
137,190,138,118,115,142
136,189,173,120,128,126
138,190,157,126,138,110
137,190,88,132,124,110
138,191,32,135,103,105
139,192,52,134,100,129
142,192,72,139,115,112
143,193,88,150,131,85
144,193,94,159,128,65
145,194,104,158,129,24
144,194,140,143,117,53
148,193,164,127,109,113
150,192,174,121,115,159
152,193,150,129,117,143
153,193,70,141,132,139
157,193,0,149,145,144
159,192,11,154,135,122
161,192,169,154,114,116
164,193,247,152,105,99
164,195,170,149,103,87
166,195,100,142,101,111
167,195,107,134,111,128
169,196,147,128,123,127
170,195,98,126,122,122
170,195,53,125,124,116
172,195,83,133,137,109
174,195,117,147,137,87
175,196,118,155,120,58
176,197,108,153,112,64
177,197,58,142,120,52
177,197,41,126,114,65
177,197,83,110,105,126
178,197,137,102,121,152
179,198,160,111,145,157
179,198,123,131,138,158
180,198,102,146,120,120
180,198,111,152,95,112
181,199,133,151,110,159
181,199,139,146,129,174
181,199,117,139,129,137
181,200,104,131,119,44
182,201,97,126,119,9
183,200,104,129,139,56
184,200,110,137,117,99
184,200,111,147,95,125
185,201,113,149,96,128
185,201,114,145,115,99
187,201,98,136,114,95
186,202,82,119,117,110
186,203,90,102,124,123
187,204,101,89,117,130
186,203,111,86,118,100
188,204,123,95,129,118
188,203,132,114,141,149
188,202,127,138,136,152
188,203,127,158,131,139
188,204,125,172,123,110
189,204,102,174,112,90
189,203,86,166,108,83
188,204,90,152,124,75
190,205,111,141,113,94
190,205,120,127,104,86
190,206,132,121,113,69
190,204,114,121,124,65
190,205,99,124,124,96
189,205,95,127,116,117
189,205,79,124,120,123
189,204,90,121,128,144
189,205,123,118,129,186
190,204,127,124,125,167
190,205,116,134,124,128
190,204,119,145,123,139
190,205,107,151,121,117
190,205,91,150,117,75
190,206,90,142,121,42
190,205,113,132,117,57
192,205,148,129,111,83
191,205,137,131,109,91
191,205,128,135,120,129
191,205,128,137,123,121
191,206,81,134,117,99
191,206,63,128,116,98
191,207,88,123,126,115
191,206,113,121,127,111
191,207,106,119,115,102
191,206,107,120,121,110
191,206,107,126,120,149
191,206,121,135,118,168
191,206,117,141,122,142
191,206,125,141,126,73
191,206,109,135,120,47
191,206,119,127,125,82
191,207,140,123,139,109
191,206,108,130,127,112
191,206,74,135,110,92
192,207,117,136,100,93
192,207,108,134,98,81
192,207,95,127,107,85
192,208,89,119,122,129
192,208,122,113,127,173
192,208,131,112,133,170
192,208,116,119,128,133
192,207,99,128,115,86
192,206,112,139,122,84
192,207,108,149,132,104
192,207,105,158,128,118
193,207,114,162,116,120
192,207,111,156,109,103
192,207,82,143,117,79
193,207,94,130,130,81
192,208,108,125,122,100
192,208,125,126,118,121
193,208,126,128,123,112
193,208,114,129,113,86
193,208,100,127,108,94
191,208,95,125,122,104
193,209,100,123,135,129
193,208,118,123,131,134
193,209,143,127,121,137
193,209,138,135,111,139
193,208,96,138,104,133
193,208,91,139,110,135
193,208,121,142,120,142
193,208,128,146,116,95
192,208,105,147,122,77
193,209,90,142,128,75
192,209,99,136,132,44
193,209,104,128,122,26
193,208,105,121,120,71
193,209,129,117,118,122
193,208,111,119,115,138
193,208,89,125,118,157
193,209,99,131,123,150
193,209,104,133,117,131
193,208,109,134,112,111
193,209,123,135,116,108
193,209,132,138,130,134
193,209,100,143,142,140
193,209,91,145,122,93
193,209,103,143,101,68
193,209,126,138,114,104
193,209,124,135,126,115
194,210,109,137,131,113
193,209,138,139,121,106
194,209,130,136,106,95
194,210,104,133,108,92
193,210,78,131,117,97
194,209,82,128,122,74
194,210,95,124,128,73
194,210,68,121,131,76
193,210,64,123,126,132
194,210,142,129,122,188
194,210,155,137,110,161
194,210,130,144,121,143
194,210,125,148,128,117
194,210,118,149,121,88
194,210,112,146,111,89
194,210,111,142,111,112
194,210,116,139,113,107
193,211,101,135,123,81
194,210,98,134,127,81
194,210,120,137,120,103
194,210,100,136,110,77
194,210,84,127,109,53
194,210,91,117,123,90
194,210,98,113,133,160
194,210,100,113,127,160
194,210,122,117,123,175
194,210,160,128,132,147
194,210,142,144,127,100
194,210,108,157,110,113
194,210,111,164,108,105
194,210,112,165,109,55
193,210,54,155,111,68
193,210,49,140,122,79
194,209,107,127,128,120
193,209,138,117,127,115
194,210,129,113,119,93
194,210,132,114,120,113
193,210,137,121,121,123
193,210,110,128,126,132
193,210,65,132,127,133
194,210,95,135,125,103
194,210,119,138,125,91
193,211,123,141,120,104
193,210,104,142,114,122
193,210,102,138,105,140
194,210,148,136,116,138
194,210,149,140,118,105
193,210,107,141,102,66
193,210,81,138,111,80
194,210,88,135,138,120
195,210,119,133,140,127
194,210,107,133,125,98
194,210,91,132,117,96
194,210,99,128,116,95
194,210,93,125,115,87
194,210,94,123,125,73
194,211,118,123,123,96
194,210,132,126,126,138
194,211,116,134,128,156
193,210,114,141,121,135
194,210,107,147,113,123
194,210,107,149,111,116
194,210,122,148,118,136
194,210,118,149,119,104
193,210,106,150,121,106
194,210,115,148,122,97
194,211,120,141,106,72
193,211,126,126,99,78
193,210,103,114,120,101
194,210,80,109,132,96
193,210,82,112,131,78
194,210,89,120,128,86
194,210,106,127,134,128
194,210,131,134,134,154
194,210,136,141,118,162
194,210,118,142,100,142
194,210,116,140,108,129
194,210,119,137,110,122
194,210,106,135,107,109
194,210,95,131,122,85
193,210,92,127,131,52
193,210,83,127,128,57
193,210,100,132,136,74
193,211,135,143,135,95
193,210,118,150,115,129
194,210,115,151,112,159
193,211,130,147,115,148
194,210,125,139,118,109
193,210,110,130,118,101
193,211,106,125,117,134
193,210,105,123,115,92
194,209,98,125,120,71
194,211,74,127,122,70
193,210,69,131,119,92
193,210,108,138,119,128
193,210,144,144,124,157
194,210,151,149,127,141
194,210,161,151,124,142
194,210,101,150,120,107
193,210,51,145,116,86
193,210,65,141,112,79
194,210,99,133,106,74
193,210,122,125,124,99
193,210,138,121,126,115
193,210,136,122,124,83
193,210,123,124,123,103
193,210,105,128,120,139
193,210,103,133,116,135
193,210,109,136,115,117
193,210,108,138,126,126
193,211,107,139,125,120
193,210,109,141,120,123
193,210,115,140,118,106
193,210,112,139,112,85
193,210,75,138,117,95
193,210,78,135,124,102
194,211,122,131,126,111
192,210,134,131,116,103
193,210,133,131,121,91
193,210,136,135,131,103
193,210,109,135,116,111
193,210,88,128,110,102
193,210,84,120,119,103
193,210,121,118,127,103
193,211,122,122,130,117
193,210,82,128,123,113
193,210,71,133,115,138
193,210,108,139,114,137
193,210,142,147,113,127
193,210,131,148,107,83
193,210,79,141,119,87
193,210,98,135,129,113
193,210,129,131,122,97
193,210,129,128,122,103
192,210,130,124,114,93
193,210,127,121,124,86
193,210,114,123,136,113
193,210,87,129,130,138
192,210,82,134,115,118
193,210,100,135,110,105
193,210,113,134,113,122
194,209,128,133,124,131
193,210,129,133,123,126
193,210,106,131,109,105
193,210,93,129,108,91
193,210,95,131,120,105
193,210,100,137,130,98
193,210,102,141,134,102
193,210,123,144,137,115
194,211,129,146,120,116
192,211,119,145,107,102
194,210,115,143,113,114
193,210,92,142,116,94
193,210,73,136,115,70
193,210,76,126,115,78
193,210,94,120,125,115
193,210,117,118,122,118
193,211,131,119,109,118
192,211,154,124,119,119
193,210,153,131,131,120
193,211,150,137,130,136
193,210,84,137,114,125
193,210,44,134,110,124
193,210,94,134,110,116
193,210,139,138,109,120
193,211,129,141,134,105
194,210,103,144,140,93
192,211,99,145,124,72
193,210,100,141,113,68
192,211,101,131,112,96
193,210,111,121,128,117
193,210,104,113,134,120
192,211,120,110,123,130
192,210,141,116,111,124
192,211,111,127,103,95
193,210,66,134,113,101
192,210,70,141,117,114
192,210,94,143,118,109
192,210,129,142,127,127
192,210,167,146,133,145
192,210,164,150,121,121
192,210,89,148,110,105
193,211,78,139,121,125
192,211,122,132,127,95
192,210,140,130,124,62
192,210,90,129,120,63
193,210,19,123,115,83
192,210,66,118,113,106
193,210,141,117,117,107
192,211,163,120,125,109
192,211,127,123,124,138
192,210,116,129,122,148
192,210,92,134,113,107
192,210,86,137,117,90
192,211,124,142,122,116
192,211,128,149,126,161
192,210,122,154,128,161
192,210,97,153,118,120
192,210,80,147,119,88
192,210,102,139,123,84
192,210,118,129,122,81
192,210,128,124,118,68
192,210,119,120,111,73
192,210,125,119,112,98
192,210,114,121,121,103
192,210,77,127,131,105
192,210,90,132,127,117
192,209,116,133,118,124
192,211,116,135,121,132
192,210,125,142,119,146
192,210,118,148,118,139
192,210,110,150,111,106
192,210,108,146,103,98
192,210,110,139,108,97
192,210,115,134,127,122
192,210,126,132,136,111
192,210,114,130,136,101
192,210,76,128,121,83
192,210,59,125,117,84
192,210,81,124,113,69
192,210,106,124,116,72
192,210,109,123,123,110
192,210,118,126,124,165
192,210,130,129,119,165
191,210,168,134,112,113
192,210,128,137,113,83
192,210,83,139,113,120
192,210,97,141,115,126
192,210,123,143,124,113
192,210,134,144,130,98
192,210,128,145,127,110
192,210,101,143,129,124
192,210,107,141,133,129
191,210,117,140,124,95
192,210,89,137,112,70
192,210,82,131,109,80
192,210,92,123,107,80
192,210,93,117,111,80
192,210,110,115,116,102
192,210,122,117,130,128
192,210,117,124,129,155
192,210,137,131,126,149
192,210,120,140,118,119
192,210,96,145,111,108
192,210,87,148,111,106
192,210,98,148,117,107
192,210,113,145,119,107
192,210,115,139,116,93
192,210,114,133,117,117
192,210,121,130,131,125
191,211,108,125,134,101
192,210,114,125,131,86
191,210,130,128,123,79
192,210,137,129,102,94
191,210,97,127,110,111
191,210,74,126,134,105
192,210,78,126,128,88
192,209,95,128,130,118
192,209,117,134,121,143
192,210,136,139,107,123
192,210,115,143,105,97
191,210,110,147,113,131
191,210,118,149,117,135
192,210,115,148,116,122
191,210,143,144,121,124
192,210,130,137,129,118
191,210,93,134,128,83
191,210,67,127,121,61
191,210,86,123,124,65
192,210,97,119,120,85
192,210,83,117,121,121
192,210,124,122,117,124
191,210,153,128,117,122
191,210,145,135,128,106
191,210,93,140,120,93
191,210,64,143,110,115
191,210,90,145,112,138
192,210,126,147,113,159
192,210,149,147,116,131
191,210,131,143,119,99
192,210,110,135,123,82
192,210,84,127,127,93
191,211,102,124,137,98
193,210,107,126,124,93
192,210,135,129,118,117
191,210,120,131,115,119
192,210,72,131,111,97
191,210,73,127,115,100
192,210,123,125,120,112
192,210,140,126,122,99
192,211,141,132,133,77
192,210,77,136,129,66
191,210,75,141,119,124
191,210,114,145,106,156
191,210,140,148,105,158
191,210,128,148,118,146
191,210,87,143,118,125
191,210,91,135,122,128
191,209,113,125,132,98
191,210,109,120,128,53
191,210,106,120,122,68
192,210,117,126,124,99
191,210,105,132,119,93
191,210,106,135,119,91
191,210,114,137,117,102
191,210,123,136,115,106
191,210,131,132,114,123
191,209,103,129,119,138
191,210,95,128,120,146
191,210,107,130,114,132
191,210,123,135,121,127
191,210,126,142,119,133
191,210,108,147,114,100
191,210,92,145,119,81
191,210,98,140,130,88
192,210,124,138,136,112
191,210,119,136,123,97
191,210,113,135,122,94
191,210,112,133,118,80
191,210,76,129,112,73
191,210,64,126,116,102
191,210,95,124,120,123
191,210,130,124,121,123
191,210,156,125,122,125
191,209,153,130,109,121
191,210,101,136,113,130
191,210,65,141,119,120
191,209,91,143,120,125
191,210,130,144,121,113
191,210,127,141,120,101
191,210,101,138,127,95
191,210,89,137,133,91
191,209,116,135,131,114
191,210,149,137,119,125
192,210,131,137,109,94
191,210,84,132,105,84
191,209,78,123,116,102
191,210,93,117,131,108
191,210,89,116,129,88
191,210,114,118,121,95
190,210,123,122,108,93
191,209,111,128,103,104
191,210,119,136,116,171
191,210,154,147,124,193
191,209,148,153,120,127
191,210,81,153,124,72
191,210,60,147,136,98
191,209,108,142,142,109
191,209,114,139,134,91
192,209,100,138,118,79
191,210,98,133,110,85
192,210,98,128,114,98
191,209,116,125,104,118
191,210,125,123,105,128
191,210,119,122,116,118
191,209,114,122,125,103
191,210,126,123,123,108
191,210,122,127,122,114
191,210,107,132,121,111
191,210,88,138,120,106
191,210,93,144,119,118
191,210,117,149,113,119
191,210,118,152,115,108
191,210,111,154,127,127
191,210,107,155,131,126
191,209,118,153,133,112
191,209,103,148,125,99
191,209,94,139,114,85
191,210,104,130,112,72
191,209,100,122,114,74
191,209,124,118,113,87
191,210,127,117,115,92
191,209,99,117,124,114
190,210,107,121,132,149
190,209,119,129,120,159
191,209,121,138,112,127
191,209,108,144,113,111
191,209,79,144,109,105
191,209,86,140,118,106
191,210,133,137,128,123
191,209,145,135,125,112
191,210,110,134,127,80
191,209,94,137,131,75
191,210,95,139,125,87
191,210,97,136,116,105
191,209,111,131,121,96
191,209,125,129,119,98
191,209,126,128,121,134
191,210,125,128,122,144
191,210,101,129,123,126
191,209,92,129,116,112
191,209,95,128,108,110
191,209,99,128,114,133
191,209,111,129,122,143
191,210,124,133,118,109
191,209,128,138,111,100
191,209,132,145,105,100
191,210,111,149,121,83
191,209,102,147,150,85
190,209,92,143,139,86
191,209,88,135,126,96
191,209,107,124,118,101
190,209,117,114,118,108
191,209,124,110,117,110
191,209,110,110,114,100
191,210,93,114,114,113
191,210,91,121,115,129
190,210,100,128,116,131
191,209,114,133,114,127
191,210,105,136,115,115
191,209,115,137,122,124
191,209,146,137,127,112
191,210,132,137,127,83
191,210,104,138,121,96
190,209,103,138,124,115
191,210,109,141,126,112
191,209,97,141,113,93
190,209,94,137,116,81
191,209,103,130,118,84
191,210,121,124,121,103
191,209,133,123,120,122
191,210,117,124,123,129
191,210,93,127,123,112
190,210,87,133,119,111
190,210,100,135,120,123
191,210,118,136,114,140
191,210,116,136,111,129
191,209,115,137,111,109
191,210,107,138,115,99
191,210,82,139,124,115
191,210,98,140,128,79
191,209,116,138,123,45
191,209,137,137,125,112
191,210,176,139,127,144
191,209,137,143,126,120
191,210,67,142,117,97
191,209,41,135,116,68
191,209,88,127,128,109
191,210,148,123,135,148
191,210,146,123,119,139
191,209,113,122,106,110
191,209,90,127,106,105
191,209,88,133,117,115
191,209,99,140,123,128
191,209,119,148,123,121
191,209,125,151,113,103
191,210,122,151,111,104
191,210,114,146,114,91
191,211,92,137,127,68
191,209,81,127,125,88
191,210,111,119,124,99
191,209,124,116,128,116
191,209,109,120,122,108
191,210,115,127,115,97
191,209,134,136,118,94
191,209,83,139,124,120
191,210,81,137,123,140
190,210,126,136,109,136
191,210,128,135,108,137
191,210,135,137,121,133
191,209,133,141,123,116
191,210,92,144,128,101
191,209,86,144,127,87
191,210,99,144,119,86
191,209,105,141,119,100
191,209,114,136,121,113
191,210,120,131,115,90
191,210,111,124,119,86
191,210,115,119,125,108
191,209,127,120,125,110
191,210,98,123,122,97
191,210,69,128,115,113
191,209,78,131,115,136
191,210,103,136,112,126
191,209,121,136,117,102
191,210,126,135,119,117
191,209,148,136,119,134
191,209,134,139,122,128
191,209,99,142,118,95
191,209,99,142,115,100
191,209,113,142,123,101
190,210,116,141,133,85
191,209,120,137,126,92
191,210,120,134,126,102
191,209,96,130,121,99
191,210,89,124,120,103
191,210,103,120,115,101
191,210,111,122,111,101
191,210,101,124,116,125
191,210,97,127,120,128
191,209,96,130,121,112
191,210,110,134,123,137
191,210,138,139,126,158
191,209,134,146,126,130
191,209,114,150,115,101
191,210,100,151,112,83
191,210,90,149,116,84
191,209,80,145,125,94
191,210,109,139,127,94
191,210,127,134,120,94
191,210,132,127,112,99
191,209,140,122,114,100
191,210,125,120,116,96
192,210,76,119,122,92
191,210,59,118,127,100
191,210,93,118,126,128
191,209,133,123,126,135
191,209,135,134,116,159
191,209,132,145,112,149
191,209,116,152,114,116
191,210,102,154,117,101
191,209,106,151,118,84
191,209,99,147,117,88
191,209,109,141,125,109
190,209,112,137,135,104
191,210,106,132,129,79
191,210,97,126,121,77
191,209,109,121,118,103
191,209,128,121,115,108
191,209,101,123,111,108
190,209,92,123,118,107
191,209,106,127,119,131
191,210,110,133,123,148
191,210,108,137,121,121
191,209,115,138,114,117
191,209,127,136,118,131
190,209,128,134,119,122
190,209,112,135,119,106
190,209,98,138,120,83
190,209,101,141,126,92
190,209,107,142,124,104
190,209,105,142,121,83
190,210,88,137,115,70
191,209,121,131,128,113
190,210,142,131,131,122
190,209,111,130,118,115
190,209,85,127,111,103
191,209,87,126,110,104
190,209,110,124,115,124
190,209,124,126,123,127
190,209,132,130,127,123
190,209,107,135,120,115
190,209,95,140,118,125
190,209,103,143,116,121
190,209,110,146,112,102
190,209,107,145,119,102
190,209,113,142,128,108
190,209,135,136,134,97
190,208,127,135,131,83
190,209,106,132,122,92
190,209,94,128,112,108
190,209,95,126,112,112
190,209,83,124,109,95
190,209,93,124,116,97
190,209,120,124,122,106
190,209,118,127,123,121
190,209,119,130,120,124
190,209,111,134,126,128
190,209,108,137,126,121
190,209,124,141,114,130
190,209,133,145,113,131
190,209,120,147,119,118
190,209,103,146,121,104
190,209,101,143,128,96
191,209,107,140,134,81
190,209,99,136,117,78
189,209,93,129,109,77
190,209,99,123,114,84
190,209,109,119,121,94
190,209,113,119,123,119
190,209,106,123,120,137
190,209,90,127,119,143
189,210,104,131,122,137
189,209,121,136,120,129
189,209,134,141,116,123
189,209,150,147,115,120
189,209,127,149,115,98
189,209,85,145,123,80
189,209,86,140,132,98
189,209,107,136,130,126
190,209,119,134,134,116
190,209,113,134,118,86
189,209,94,133,102,85
189,209,103,128,108,98
189,209,125,126,120,106
189,209,115,125,117,101
189,209,96,125,121,93
189,209,79,126,129,104
189,209,90,128,127,118
189,209,100,130,119,133
189,209,125,130,114,134
189,209,122,132,112,125
189,209,129,136,120,122
189,209,130,143,123,124
189,209,127,149,125,104
189,209,109,150,124,91
189,209,100,147,125,90
189,210,116,141,125,113
189,209,105,135,115,102
188,209,96,128,115,101
189,209,94,123,119,98
189,209,99,122,121,79
188,209,99,123,121,70
189,209,99,123,120,95
188,209,120,126,122,124
189,209,124,131,116,140
188,209,121,133,112,144
189,209,109,135,115,131
188,209,111,137,121,136
188,208,120,140,125,148
188,209,119,144,120,123
188,209,106,145,120,92
188,208,108,143,126,87
188,209,114,142,127,64
188,208,88,138,121,58
188,208,93,134,114,92
188,209,113,131,117,109
188,208,117,127,119,108
188,209,109,124,125,105
188,208,103,120,121,104
188,208,117,121,124,127
188,208,122,128,129,147
188,208,101,131,116,139
187,208,96,134,106,115
188,208,100,134,106,117
188,209,127,137,118,129
188,209,140,142,121,111
188,208,118,145,124,89
188,208,95,146,121,71
188,208,96,145,120,92
188,208,126,144,126,120
188,208,112,142,124,102
187,208,80,135,122,75
187,208,81,128,129,83
187,209,105,124,127,131
188,208,126,122,116,137
188,208,125,121,107,110
188,208,106,121,112,102
188,209,102,123,118,110
188,208,118,127,120,128
188,208,123,132,118,121
187,208,115,138,127,116
187,208,114,146,127,135
187,208,115,152,121,129
187,208,106,153,112,100
187,208,103,147,111,92
187,208,114,139,121,92
188,208,104,131,125,91
187,208,97,124,129,88
187,208,118,122,130,90
187,208,123,123,120,98
187,209,102,125,113,96
187,208,87,129,114,107
187,208,101,132,121,127
187,208,103,133,120,128
188,207,107,133,120,128
188,208,124,132,119,130
187,208,126,136,111,130
187,208,111,140,116,123
187,208,108,143,118,108
187,208,107,142,118,104
187,208,111,139,121,105
187,208,111,136,127,103
187,208,120,136,129,95
187,209,105,134,124,63
186,208,84,133,115,75
187,208,113,132,117,108
187,208,122,132,118,104
187,208,99,131,119,113
187,208,78,129,124,120
187,208,92,125,127,119
187,208,115,125,117,116
186,208,122,124,117,120
187,208,137,127,118,132
187,208,126,134,116,126
187,208,109,141,118,112
187,208,107,146,115,109
187,208,113,147,115,112
186,208,107,143,125,111
187,208,105,141,133,106
186,207,114,138,129,97
187,208,111,135,116,87
186,208,94,129,116,87
186,208,97,124,123,108
186,208,112,122,127,113
187,208,114,122,122,102
186,208,111,125,115,98
186,208,122,130,113,100
186,208,122,134,116,116
186,208,89,138,113,113
186,208,79,139,114,123
186,208,116,139,124,134
186,208,132,140,121,118
186,208,126,140,119,109
186,208,111,138,113,118
186,208,100,136,122,113
186,207,106,135,145,121
186,207,120,137,137,104
186,208,113,138,121,80
186,208,107,138,112,63
187,208,97,135,110,78
186,208,101,129,118,98
186,208,104,123,120,117
187,208,91,119,115,126
187,208,100,120,113,133
186,208,113,124,114,128
187,208,126,131,113,118
187,208,117,138,118,117
187,208,106,142,126,129
186,208,102,144,128,125
187,208,118,143,121,120
187,208,125,140,116,103
187,208,119,138,124,81
186,208,126,139,133,81
186,208,111,140,124,81
186,208,75,138,116,91
186,208,95,133,115,114
186,208,120,127,119,105
187,208,113,122,118,99
186,208,99,120,120,105
187,208,96,121,123,123
186,207,108,127,122,138
187,208,117,132,114,132
187,208,115,139,111,125
187,208,116,142,117,122
186,208,116,143,124,112
186,208,120,141,124,107
186,208,113,140,120,102
186,208,104,140,121,103
186,207,102,139,127,100
186,207,116,136,130,99
186,208,127,134,123,96
187,208,118,133,118,91
186,208,90,129,112,95
186,208,79,125,115,97
186,208,87,123,125,99
187,208,94,124,123,98
186,208,106,129,119,119
186,208,118,134,108,132
186,207,127,134,108,140
186,208,138,135,119,136
186,208,132,138,127,127
187,208,103,140,128,103
187,208,89,141,127,99
186,207,104,143,121,116
187,207,108,144,119,109
186,207,113,140,124,96
186,209,118,133,123,83
187,208,125,126,121,68
186,208,125,125,123,81
186,208,97,127,118,108
187,208,88,129,116,123
187,207,90,129,115,114
186,207,104,129,118,128
187,208,110,129,121,142
187,208,101,130,121,114
186,207,100,131,119,107
186,208,117,135,117,119
186,208,135,140,114,127
186,207,143,145,117,111
186,207,109,146,117,94
186,208,98,144,126,105
186,207,115,141,134,111
187,207,114,138,132,100
186,207,92,134,119,92
186,208,103,130,118,99
186,207,120,128,118,103
186,207,109,129,113,84
186,207,97,131,110,80
186,208,107,132,116,117
186,208,106,133,119,142
186,208,108,133,113,123
187,208,101,131,119,117
186,208,94,128,120,125
186,208,116,127,123,131
186,207,129,131,125,131
186,207,135,137,121,104
186,207,120,140,121,83
185,208,105,142,125,92
185,207,89,141,126,83
185,207,106,140,128,107
186,207,100,138,115,96
186,207,87,133,109,89
186,207,105,126,114,114
186,208,131,121,126,124
186,208,128,121,127,115
186,208,104,124,120,99
186,207,95,127,118,100
185,208,114,133,116,126
186,208,131,136,116,145
186,207,132,141,120,143
186,208,113,145,121,132
186,207,87,149,120,111
186,208,78,149,113,78
186,207,89,145,117,85
186,207,115,138,128,103
186,207,132,132,130,103
186,208,133,128,126,93
185,207,116,126,118,86
186,208,93,125,119,83
186,207,92,126,126,92
186,207,96,127,119,121
186,207,110,127,115,134
186,207,120,127,116,128
185,207,119,130,113,112
185,208,115,130,116,116
186,208,119,134,120,123
186,207,103,138,120,120
186,208,103,142,117,123
186,207,111,145,120,115
186,208,107,146,120,99
186,207,104,143,125,95
186,208,102,137,132,99
186,207,120,131,125,102
186,208,128,128,117,107
186,207,125,127,114,100
185,207,116,129,115,102
186,207,108,129,115,105
186,208,72,128,123,98
186,207,81,125,128,100
186,208,105,126,127,98
187,208,107,128,111,107
186,207,124,132,114,149
186,208,129,137,119,160
186,207,107,141,118,139
186,208,124,144,116,112
186,207,135,145,117,64
186,207,93,142,119,40
186,208,74,137,123,75
186,208,111,135,135,144
187,207,120,136,128,139
187,207,109,135,116,101
186,207,111,132,118,101
186,208,113,130,120,120
186,208,113,127,117,108
186,208,106,127,116,91
186,208,115,128,116,104
